1 -2459.076291730608
2 -2427.9819501329703
3 -2307.061787826143
4 -2284.113440372502
5 -2242.927950773911
6 -2202.4617674169044
7 -2132.1656540737645
8 -2045.7982981461819
9 -2036.0662645734576
10 -1997.536515138532
11 -1955.423499021946
12 -1928.2773350915195
13 -1917.7268715104385
14 -1894.2780251705456
15 -1872.2523093349423
16 -1849.7017782616515
17 -1838.966509341336
18 -1789.4861190868605
19 -1770.4151798807713
20 -1751.6625479565416
21 -1741.4071481245448
22 -1712.8862477324076
23 -1678.9691344595633
24 -1668.3589800401062
25 -1651.9779566903364
26 -1644.888877047356
27 -1618.4392149173227
28 -1598.9491098324315
29 -1579.4378983175957
30 -1556.6092916167468
31 -1552.4621461114575
32 -1535.7646820234743
33 -1499.0360060241437
34 -1465.6550443042174
35 -1459.1739109815246
36 -1445.2342121191568
37 -1437.0051539870403
38 -1421.7052996238695
39 -1416.8550616174743
40 -1407.9241905189235
41 -1389.4445640590432
42 -1384.808558429498
43 -1373.6497189648069
44 -1366.7591257259235
45 -1350.820656490686
46 -1346.603290802355
47 -1340.7650729127583
48 -1320.8891788179506
49 -1314.4443101416784
50 -1301.648876731678
51 -1289.9646217996117
52 -1280.6409543444552
53 -1273.37574255242
54 -1269.9787842219644
55 -1261.9414927686148
56 -1255.141875666041
57 -1241.0473607474719
58 -1236.4879043903957
59 -1229.2595126950598
60 -1217.14161311254
61 -1213.8769716642582
62 -1209.7884493385868
63 -1197.6687745528454
64 -1190.5921223763182
65 -1180.3278411915767
66 -1171.4499981982349
67 -1167.1177456387868
68 -1163.213518075465
69 -1152.0542614743972
70 -1149.980928901808
71 -1146.7963491797275
72 -1139.232280264499
73 -1134.315485280491
74 -1129.3629585195813
75 -1123.3393125900898
76 -1118.1875136412227
77 -1114.2706909886156
78 -1107.3002489456321
79 -1103.7726704137085
80 -1099.243305371047
81 -1090.3878082968274
82 -1086.938399743263
83 -1081.7314168379721
84 -1075.3201940824872
85 -1071.7269349871528
86 -1070.5562199527533
87 -1066.740405585465
88 -1066.0584181235336
89 -1060.5141690761673
90 -1052.875962893832
91 -1049.638735367665
92 -1048.103819447972
93 -1045.826352028686
94 -1044.9211772298738
95 -1040.3572256457007
96 -1035.7035189222872
97 -1033.5781534591115
98 -1027.4495483803198
99 -1021.8847698530121
100 -1017.7604916964389
101 -1017.1346124717495
102 -1012.5550113710251
103 -1011.209630785212
104 -1005.3605565503276
105 -1002.3108422257922
106 -998.6264087768233
107 -994.0802982247569
108 -993.5637920251884
109 -989.4570749989451
110 -987.3700011907754
111 -987.2675501831504
112 -986.0557721863173
113 -983.7900984151418
114 -982.2729847664306
115 -979.8607498964752
116 -977.3994244715154
117 -976.8864275725672
118 -975.0319340933012
119 -973.3937265394369
120 -970.1823353393205
121 -967.0866261608317
122 -966.5517960674032
123 -965.7235629287059
124 -962.4093214065454
125 -959.9129973523765
126 -959.1360556177052
127 -956.052429223701
128 -955.8695715135493
129 -955.1510473315127
130 -953.415398249342
131 -951.91671583528
132 -949.6562751692437
133 -948.0769231705235
134 -946.32545656113
135 -945.7906064068388
136 -945.7433775733423
137 -943.805631066785
138 -943.7332021860617
139 -943.3273028546993
140 -943.2289715676188
141 -942.2274535084903
142 -941.1570970977439
143 -938.8681866414182
144 -938.2629610808659
145 -936.6565592213211
146 -935.2746629113484
147 -934.7322317504114
148 -934.6565941314166
149 -932.4681555421878
150 -931.5262685444569
151 -930.6753634641956
152 -930.565180587045
153 -928.9436255338995
154 -928.928305580837
155 -928.8702602039286
156 -928.1853032124226
157 -926.8705854772238
158 -925.7517156013731
159 -925.0524016269069
160 -924.6144402405178
161 -924.5238284050022
162 -923.6803538335075
163 -923.5365655438159
164 -923.0948165627501
165 -923.0691585334187
166 -922.4945581658551
167 -922.3635774051
168 -922.3139482656446
169 -922.2726107057354
170 -921.9022313102175
171 -921.8892135027747
172 -921.8338378837534
173 -921.4338688606533
174 -921.3977711888492
175 -920.9957549543808
176 -919.883773646278
177 -919.8547834218205
178 -919.663106696211
179 -919.3817366332373
180 -919.3740550187672
181 -919.3529105915414
182 -919.1515236052965
183 -918.9536530414406
184 -918.1454279521608
185 -917.6096349521786
186 -917.5121291521555
187 -917.215757123631
188 -916.557000455261
189 -916.0004168588897
190 -915.9418515846463
191 -915.8895075996315
192 -915.7358894401088
193 -915.5069395191
194 -915.024701343392
195 -914.9323817837969
196 -914.9257216994424
197 -914.5428272373507
198 -914.5322404421665
199 -914.3213190349675
200 -914.3201317133485
201 -914.1303331128859
202 -914.0277123612817
203 -913.9681104024938
204 -913.9599868835436
205 -913.7948670200689
206 -913.7604482230241
207 -913.7553623603828
208 -913.4541932931991
209 -913.4480621376508
210 -913.4267486103182
211 -913.4264344679466
212 -913.4252033792156
213 -913.3840699330411
214 -913.3791297831294
215 -913.344069973817
216 -913.2301848612518
217 -913.2249661269259
218 -913.2221347754379
219 -913.2188238536936
220 -913.2185784238187
221 -913.1633526629812
222 -913.1629935422916
223 -913.1604013819403
224 -913.1583254176574
225 -913.1539576816402
226 -913.1527857762995
227 -913.1232867385444
228 -913.1221980230256
229 -913.0373249598126
230 -913.0371403852116
231 -913.0357053875757
232 -913.0353487167667
233 -913.0122941299121
234 -913.0118390023472
235 -912.9563691882685
236 -912.9563691882685
237 -912.9563691882685
238 -912.9548670663017
239 -912.9533921763648
240 -912.9530914390589
241 -912.9530796074142
242 -912.9517984322692
243 -912.9517984322692
244 -912.950955180356
245 -912.950955180356
246 -912.9509374412357
247 -912.9507504349867
248 -912.9503080477906
249 -912.9500207208755
250 -912.9496393727266
251 -912.9494265570376
252 -912.9494265570376
253 -912.9494265570376
254 -912.9490473147623
255 -912.9482350938632
256 -912.9477162940726
257 -912.9433813600987
258 -912.9433813600987
259 -912.9433813600987
260 -912.9421692122208
261 -912.9421692122208
262 -912.9421538625386
263 -912.9421538625386
264 -912.9421538625386
265 -912.9421538625386
266 -912.9421412985147
267 -912.9417669713347
268 -912.9403741928775
269 -912.9399275763234
270 -912.939265226745
271 -912.939207952756
272 -912.9390480693639
273 -912.9390480693639
274 -912.9386156519614
275 -912.9385093166701
276 -912.9385093166701
277 -912.9385086955942
